124653
261490
794156
696472
563189
597701
976978
389470
421932
469085
980813
39673
324479
86738
668359
673555
594693
8123
679688
58572
73273
204802
691408
303263
631395
772705
308871
902835
111638
799483
374923
943552
271378
704921
903209
637276
433545
885311
105000
650594
43583
83819
945982
280317
448074
142889
34278
187222
791993
96662
5065
17432
422737
808175
751129
787612
59187
350228
865917
308982
555993
320991
975974
34779
489087
959899
198273
296046
288414
838563
366213
423525
898963
3481
837036
375452
204127
269439
50750
138998
962119
489717
509448
199084
769948
217295
401196
495988
152853
65746
134674
271950
501592
790028
526076
547565
372568
361421
216376
818369
518039
608262
881966
142877
698445
750844
837401
924170
426529
125864
246547
215399
586452
772526
508680
510139
935805
973240
959116
953177
777134
460271
108681
475439
804726
32086
384017
245867
2560
288450
848850
596681
715993
924538
292967
510974
919951
240359
984203
193018
455156
333367
777128
84894
932162
120853
159758
801594
619161
18301
454207
582273
24291
441342
906342
657228
763224
961168
541416
64135
273821
625871
599892
252860
312968
315348
129780
569658
760638
575598
202437
441057
787646
138370
658754
357133
960118
105596
121308
373277
108307
316081
670663
293599
737878
282835
490158
515482
772769
282576
67271
224823
596306
474567
149824
38028
317766
887207
480280
663494
799039
945062
595659
166451
593952
782811
55142
585066
705749
903866
389688
609815
486927
741225
907561
162983
814125
855683
964324
760332
200566
995432
286640
589805
129539
40766
415837
136686
358266
566601
630489
944983
822068
750627
153250
591267
64448
545112
587413
692007
351425
560224
52518
999389
363762
111417
837865
326733
891914
569697
578060
987159
512507
312877
42855
471199
357396
159049
852012
388053
215110
903629
322489
901984
715331
801656
132429
165926
653506
938891
696598
245370
706400
399684
54312
349411
711200
776438
215178
900549
526035
62657
405419
727855
748499
832948
177522
61632
196073
27323
763187
944438
204430
885382
149245
878101
34639
512825
824144
246448
640265
811273
480364
835222
960020
425466
428612
483100
260284
963954
293969
180548
428907
214968
828932
709319
506018
127119
643091
389316
540582
124521
276341
765061
86007
311562
468392
582570
222587
396538
157231
758644
101242
370022
647706
717744
326146
254036
156669
838653
292075
198721
803203
351868
744629
748058
921755
322644
853581
63187
735120
957983
795375
242150
5686
79605
755045
598059
969280
109459
440941
75408
71983
616871
683768
208374
398821
112570
477199
649385
780056
876346
665297
380409
862369
315875
809751
213753
927988
430346
334200
545812
22506
199046
196328
313031
760826
850747
975739
659134
308039
11780
597128
876751
666579
31612
758568
291405
939281
215978
738590
561866
836055
773767
756688
549293
934578
802924
848243
632811
994324
253468
382406
56805
913768
353900
862133
772126
334150
395723
414813
864728
781442
786802
372079
627018
760095
251497
438574
358335
919393
835250
818066
798989
981568
830870
23183
245169
623928
891147
833071
909956
450814
80383
700444
64028
437645
70340
473530
747266
109277
235800
298609
912843
715957
998031
605704
511893
646616
932511
976876
319072
507867
353352
1105
135366
325334
195870
542192
521432
542649
359861
314670
930775
22838
637223
178845
648268
496220
363716
198299
298308
3460
555735
173912
293420
346532
259345
585590
70917
265920
105173
416457
615747
390657
216671
626493
87304
612190
980817
206423
166840
120631
579804
572628
49592
363264
763655
259821
162248
44954
357599
374908
388090
845501
858428
939512
216335
345170
306731
627933
774125
114334
285245
782567
62142
887768
302123
446204
159271
66587
501796
765993
484323
386614
976374
675781
95676
261089
168532
328690
9510
647115
905546
212993
548984
571278
811322
14197
712647
806532
95697
790624
216865
957683
182412
428778
484579
511587
807329
683697
689592
539089
908811
688586
244782
77308
291317
87524
352182
457692
654402
999053
939064
406066
992375
448719
699473
338427
575430
611954
971050
112254
339128
616933
543798
964293
388981
892983
618695
675880
954739
623680
200718
377540
587449
252445
877805
561547
770255
695895
569787
721333
225668
942373
41683
951829
434780
467912
656345
974982
136788
284436
43787
23364
619858
142159
778495
992919
346414
521522
644159
329961
767895
736780
414141
535801
303075
6470
124789
765352
697719
585089
371294
594673
280079
742107
131148
27510
426859
769617
280549
347189
375255
537919
238717
716825
943701
996290
963985
300717
291880
505150
975261
612715
276096
982843
122714
472563
214909
495850
576152
493783
858017
453766
305395
335123
781975
612374
56053
875290
901338
93647
416776
512203
233860
782933
331798
599234
285428
24354
790655
20619
835482
232192
173110
660722
13218
583728
825720
705974
83578
223981
540138
400860
278210
971018
225999
462815
224527
755640
553187
124165
768412
274084
786838
888076
658190
678525
80168
450180
804130
846163
936989
444278
131958
537179
728158
789058
722929
974735
286764
772807
348559
559794
959233
160058
962316
746417
255301
599513
835372
3173
391210
477242
806757
691381
389348
143229
989163
456345
875784
22624
306262
188473
897664
688881
683057
299379
866217
793502
743585
192828
690889
745320
431792
717854
560048
413686
973045
205023
235946
464198
538530
643586
310621
417150
46634
97575
689670
554145
289356
639373
314122
842141
959809
123832
622588
38721
701694
838702
192106
821643
952358
25243
306276
152671
329424
265620
18123
792020
857584
43768
152465
512425
61604
566835
352146
129237
386909
941980
381582
697020
606376
707774
968835
914109
321560
343476
512483
703336
557714
726893
553015
620109
265141
562192
777872
107184
44196
768889
937957
456600
519025
625504
976398
281415
282919
530907
497756
639107
57012
619066
455570
58579
38961
610320
950660
793286
517392
558929
807179
864876
432609
10583
928803
997864
335937
444543
925601
89885
305951
284528
782547
902598
366444
568891
676918
444322
403807
293022
569294
455372
861858
216803
806118
980840
838236
288358
254052
946874
350108
68467
330440
43920
925022
653389
320001
632928
426493
64652
592748
137132
485622
154910
134506
997921
459669
563374
524316
537536
713663
314465
185022
41203
304411
89085
629277
910593
893469
561700
306294
996317
396783
34046
111149
172761
865214
422582
564646
95160
508127
43931
547972
621088
862749
100582
4796
215982
998113
510811
75349
848100
114748
813576
195774
791102
458515
543082
424651
211746
24039
445295
853390
285301
680831
177815
295630
183370
629365
158324
54695
277877
566491
532752
953854
914942
184584
549229
825886
588849
91714
375847
869684
523218
468681
555894
858915
771055
235710
350672
722245
635213
335791
925931
662911
777412
784512
385312
67136
688359
728246
323947
577494
816603
589475
819791
889069
684681
578730
360982
976164
435822
137582
362934
37133
356239
990107
279888
975553
480266
853264
342097
446430
835336
867240
38907
851039
829071
503460
793662
791062
660276
797622
971520
860616
727341
692653
861820
920741
65605
528440
757318
217698
648872
282520
802092
936117
729310
76518
474297
667436
990741
827006
758291
37483
158294
300167
51908
608320
775770
556128
975765
101925
752950
764905
537494
888913
352113
509611
443067
181371
916342
397669
97249
952684
433381
556660
844974
604799
265219
636190
274709
247928
977618
969147
750841
563071
797180
312896
883433
164088
877225
122665
969226
379584
39408
679171
504594
859525
7657
268883
902192
659458
990305
84198
922506
876886
23975
158390
836958
570496
701315
401334
679050
601849
578310
74427
706023
299886
415293
710534
595727
502425
43135
634930
172351
421947
71718
37558
410136
392760
523162
521304
5184
216718
217352
542639
817317
98931
822962
279571
81313
726475
374497
608547
464057
757507
854965
611250
69312
690765
554333
99791
671321
349496
48673
330543
117594
768555
161180
807737
720587
413630
932104
586670
738701
629684
837490
468211
537175
172953
30220
696509
279388
534324
411937
377048
289865
451242
471267
421268
641130
255599
896352
791692
782316
977833
432467
574420
242877
122531
78551
463102
634320
772906
151222
199881
380156
161672
742880
497576
468548
310135
835818
199345
940880
180039
807050
152732
367809
325395
103829
274952
877737
539531
346996
539499
183872
818905
329877
311437
808951
425562
615930
38026
120594
584682
810974
390130
159133
508376
374207
841231
433484
237433
638733
282566
104371
824664
194157
960470
307870
109899
408874
13950
76878
480544
767737
505275
729617
537399
109799
58479
429692
491881
408545
71197
806344
427942
699103
712337
858247
793885
761647
787997
926273
492628
867610
766013
253359
36887
807285
841564
162131
860429
667525
309872
239218
45350
880527
251840
244976
633264
913852
420933
652806
267017
273510
360622
777569
413167
60546
281470
437914
886195
537642
607825
643534
738252
308997
291324
838554
524488
324757
773201
263541
620701
845596
484226
154218
239134
398700
330333
757744
724617
129418
314165
551208
839549
968190
764833
406386
58121
557818
971294
995563
30879
572644
7248
68167
113895
222658
127973
464584
94512
644609
393946
898969
456065
700194
820759
574025
881166
45378
572662
716967
636422
582084
220706
43190
147529
76445
272217
216141
487415
810107
234259
253006
550820
185427
832701
277568
222695
850694
268702
983820
539665
869423
520859
42321
870715
297611
31061
243044
109753
969862
402416
415015
396907
386334
842287
78468
887281
817398
507195
183943
822654
763065
246787
603350
107654
919529
460861
736333
507729
205315
655370
370170
103089
403729
916663
854706
606224
477708
671583
172174
450083
773995
543855
164678
141947
11212
818626
246183
904186
125118
841002
426420
948706
614377
680656
822551
331593
643995
196339
871490
54441
236847
858828
369383
681556
938524
310418
634960
458180
934295
515545
63067
892432
119270
641878
809558
767355
178883
673021
677491
774567
682536
626891
814312
12391
102333
12768
900006
110514
909532
582084
113587
44595
927549
791114
314854
705148
581059
184594
504511
761563
242018
908968
526112
245829
689195
763721
760556
521839
912757
406470
984571
320508
324394
490882
650167
330001
284779
911957
755798
214724
563553
11475
949236
472754
249313
420711
203596
689967
708219
135768
58962
574104
244512
532526
735856
83845
52525
909741
692700
315163
418520
638720
748947
250366
583734
779634
725812
281955
164710
196885
658747
999235
686046
155013
112472
965227
432720
520134
101227
500017
63288
197962
172255
495681
578373
631184
10976
671509
947169
373222
637242
999683
729183
495951
758800
346672
385408
612927
312117
361570
937058
518147
596522
637939
817030
525181
951093
959650
779836
900237
159962
765764
27245
674188
767545
152984
721925
682354
478851
745975
46715
527511
119642
399786
19518
45398
795589
165270
366781
511502
241100
727314
434963
219010
248438
271769
988494
117536
480861
470683
657563
709535
383851
11886
231567
930625
904179
287522
212500
80888
821294
729265
984110
43941
405392
732949
782633
927547
973446
896308
632865
662210
789519
98487
811693
378232
73844
205112
917097
26450
451173
249049
551071
154848
850418
490738
247442
666318
667874
57954
290406
164486
882868
114887
472431
53427
562800
876808
675924
633377
856808
252815
818528
274880
622096
546836
389349
253512
257911
114325
230285
137078
229409
363170
846846
352372
287107
77844
132841
629142
409691
462110
744112
321345
811305
580859
682801
222502
862541
897031
196468
848364
483646
808554
617837
60140
150692
369967
128749
423382
903828
690034
689644
890096
696741
854008
126763
534655
783987
69337
572361
938110
271856
940632
698468
372811
929698
80403
621290
674913
797949
552021
542139
23296
683293
43337
973308
282601
887711
442442
495035
9605
245917
389653
447674
57254
380869
845216
257178
551525
959382
976004
391270
270185
193206
616661
636856
103689
304306
593618
861068
409417
89234
993016
785823
979137
947032
870321
281347
484060
666390
165034
199170
820027
782121
9218
399916
40633
665621
948509
407296
948938
549182
572121
662323
38972
5249
168088
751903
132960
913325
602108
822603
177602
759393
957362
268051
836819
364355
321700
355700
716648
18842
891666
498678
317211
623625
463547
537782
764495
688425
418677
895247
87058
579906
137116
88677
117787
171365
401255
177294
735922
125736
61078
212892
628975
63231
157192
753675
817562
210099
552873
792644
544113
741122
405448
890636
442121
861972
934790
298636
639884
863701
22058
447101
254497
481779
886610
175791
521897
518518
973572
933687
137572
199350
28963
143539
79604
233342
95869
872379
433530
728060
266625
643238
389533
681441
388750
684022
132777
309915
516710
498337
892883
610476
523841
381693
723675
654759
530878
966855
504330
644807
170420
272079
757403
637996
474407
473284
449910
915699
759703
806872
647127
852912
324978
938255
331021
264459
524137
644202
861471
103156
907231
359146
776329
91460
535998
593923
31268
621746
153508
181663
774371
835886
59899
862091
409081
986141
159015
214914
924121
938546
508504
617748
289813
775781
748351
618291
662120
140627
458524
418650
834255
610418
80374
923867
916241
287151
500388
980227
905440
118374
570313
984427
515160
624509
21981
148766
484260
580766
599333
682978
229824
287247
4933
594021
514968
833647
516844
251141
834767
218767
12653
616572
627229
491818
457390
630759
58064
16003
901689
146161
196147
639194
590192
958816
622092
375306
622813
234172
960446
740674
817191
673175
573775
445150
728225
560446
477572
856865
628029
88955
846825
660177
122974
604355
517805
261807
57291
405507
627497
773266
164543
203330
805057
534879
788957
842738
125859
29031
125056
862105
7469
814941
423985
62423
328619
391346
173874
628755
47934
807823
538615
76166
266904
837742
708724
922211
350883
549462
179281
750434
945857
646705
329595
684904
585838
49483
86996
568469
901698
355689
598090
443945
516115
734212
722245
760723
794104
29857
539578
167320
333992
779598
346269
99101
416320
740219
656947
31121
1891
634418
580933
383481
939900
789364
413745
583193
858527
425074
454362
800892
595981
147903
220321
996438
937482
493993
51010
709209
112189
31742
953089
74151
449265
388019
571890
155654
406922
150943
615551
858385
360023
573802
972540
22525
230831
32932
505800
828854
364647
805234
493660
773607
42349
943075
849459
947289
769028
773664
477014
806067
852956
789058
189123
551263
244045
480702
42041
664909
225840
829243
634723
414865
838490
261957
288734
206312
663798
578329
51945
72600
660542
85216
878056
315445
866198
745977
680405
824447
767173
569455
439236
761961
809936
361226
737105
213621
576565
643393
419752
508154
196737
124493
576816
500616
369742
148888
520469
714978
438301
367636
209264
88426
83019
31657
953430
520218
961459
691014
100090
251054
874145
209497
953407
578656
38958
837465
502878
784395
727549
527296
226865
110001
286608
949207
945370
973592
799432
305577
71826
696847
792887
800729
905362
719502
565156
192208
959383
521851
936218
182542
885398
277577
668589
832674
567996
778043
94986
13812
782240
790663
764922
229504
84040
98325
553907
659549
301461
47334
574299
521403
841868
789074
999130
326892
325121
258089
549786
1945
735074
731387
338270
941717
145437
113012
355644
53326
378799
188639
111800
628447
177994
384651
692095
297859
152163
928011
881469
267877
668885
214742
654939
467155
151797
110927
455640
579920
572083
418912
83715
118728
256489
855999
262098
722078
334211
840211
845091
188834
333388
999343
473164
799326
862801
649980
149024
185103
844659
403638
27265
933297
527823
223117
158621
808179
636674
264427
146375
808458
775451
446421
721138
13346
831905
746347
569740
690414
369853
857161
685173
595680
599942
854992
850010
431733
576807
232831
695282
894120
846895
130362
832917
799110
524341
129709
957620
427745
686886
960266
950329
474206
639277
639918
625276
556266
155197
337377
198814
378249
242494
629436
404614
699215
611473
735525
894518
246375
422018
359990
293065
105168
700809
667517
200971
10152
317437
892188
360437
986081
435926
167439
962691
981840
142941
914445
832052
22692
468274
64648
469982
494835
761402
70479
357483
615536
272547
942355
914676
522681
776981
312647
823160
847053
434998
708512
615480
44315
821786
621372
362995
589621
748870
240991
118329
838435
461791
459416
940910
61524
450548
177858
677790
81840
339813
585894
394487
303561
906798
802942
42215
233711
204435
221652
768147
748386
276394
479817
627569
420194
842752
819826
400962
959459
371625
220637
695919
264733
391912
785841
836863
533567
962806
660723
935667
660355
886323
876389
553471
21789
752486
933513
479141
379917
832115
736771
543022
898196
119960
100828
753480
489987
688867
315427
672055
62830
401012
525742
804281
301312
995050
387646
290619
379048
870957
499008
533233
719601
635864
437424
609046
282544
166145
834456
204928
459798
242854
213623
796830
188517
883765
228221
403026
706624
241976
82673
573925
727451
497371
853877
233003
882961
394843
791586
786164
838036
626061
554893
416940
648894
250760
301163
608720
914694
472369
527505
696909
459535
419617
578387
492535
782683
138421
563086
187810
557917
455793
373442
646625
300652
548817
959383
121753
244435
564270
319360
997505
667461
120458
854909
215736
527662
345016
278906
333570
336420
587114
943829
307552
430460
134425
808317
506956
98298
687307
322422
776206
295072
279428
186425
467134
258663
332747
635511
673751
654156
944279
172926
140019
743745
267479
869749
906408
875076
566107
772865
581887
420109
607266
902986
942350
683617
908544
606360
943537
883204
421164
893527
95401
459019
525668
529657
342800
860687
792509
92922
106168
570494
988234
133887
905568
112971
693736
273048
925842
323142
910693
310436
508188
887430
722763
842772
492713
121218
867532
626184
383419
806143
574411
969109
563847
684772
778693
570792
793324
753129
827674
509060
644689
322222
537532
200551
821275
524776
318515
208395
119177
20470
336202
811336
366956
9105
676761
623574
569477
538018
749296
440368
431101
689454
255837
545173
383355
787244
533979
64104
249894
167672
85015
71992
271351
309664
606687
871769
675705
864731
562090
518961
487712
737497
253502
60879
631875
220404
548354
181749
958712
641350
323360
542646
296523
223766
962774
137978
985498
125098
90202
599839
255440
905984
812136
998906
32892
50135
548649
335739
786957
455976
244929
936303
223661
55218
831797
719902
68854
106739
468856
93972
959893
655538
799633
544253
959162
742969
271530
92713
315641
180641
993463
195696
234880
630853
260864
761647
36981
293144
596877
625712
985324
939219
828398
297192
257218
706311
504740
900569
217241
174160
242415
506968
282864
801578
811893
535145
564765
644701
60364
496774
787626
581268
331620
259711
799178
845836
120596
705147
107062
496232
303999
458652
339753
956577
764579
268673
828852
195994
1342
500837
890238
120785
383837
690788
990684
786353
390786
541214
789641
805701
843313
635700
814466
173448
679063
280816
553985
632280
468696
742081
510611
952328
324531
459043
598872
864724
122196
388573
802839
346352
479991
621156
436347
958521
93427
277597
968559
421837
897067
564608
921233
511862
316428
217240
820373
120001
80899
923494
121977
172973
783551
218405
960480
597887
577822
385769
924878
833651
485175
359521
875199
283916
670915
837947
118116
890444
132712
25894
340539
672064
9763
981683
37065
546675
302290
974549
181623
49923
530972
915527
22599
418704
958334
593485
624241
152400
885874
973074
792926
876607
480125
43952
522880
768948
670806
592015
768268
652943
506350
48228
26773
124431
158241
229723
252806
343424
455991
651984
34300
166097
325782
790774
700094
188611
926472
905562
890266
840574
827877
709186
216093
331070
576477
647215
429102
484330
680484
786562
465031
326085
790202
368123
183121
110781
74582
498460
617756
34145
49262
788268
756152
503664
846822
908695
154226
282636
738770
117235
207214
380494
651370
614557
168542
303603
580937
314242
68188
698867
9186
565562
33898
281714
618432
391438
297667
449040
691767
775770
693917
307611
738092
398605
184510
597220
898686
361614
39416
93167
735888
566393
614851
816068
432821
121287
687093
983970
986358
136332
831968
857491
891074
916185
633992
697883
784051
484929
235007
187466
776633
734649
618975
98673
121061
35929
926564
716913
828436
642367
784804
196078
172470
977043
413675
772067
680378
854052
850871
955856
786008
767729
701197
545870
84730
739012
138166
407234
80264
658553
290265
453104
228750
105181
820150
988519
150349
652978
569212
709594
233435
716046
928008
22735
67447
961122
395068
782384
767789
544920
890295
409535
338466
485014
171126
865575
481085
356768
499591
50093
722546
969434
772645
564486
277612
273322
473589
116161
947927
392572
432220
761701
64903
819423
822651
347861
826120
145613
439176
524528
392259
333320
559690
318454
632521
594655
9520
249059
167295
105296
461135
692320
478822
676743
729527
954191
345734
11845
385712
571908
925367
596956
606486
701780
574668
664470
526862
989189
153820
725238
477092
963812
150894
167190
286403
517750
569984
610415
817872
652486
760692
134135
382051
682461
511192
856613
422114
453776
679249
307280
136444
80051
727075
908853
666431
937324
370206
984023
647319
388386
323113
222209
820772
665427
304612
752807
518134
713989
197565
33643
6824
122964
133265
903803
309334
588138
762236
898775
137852
937613
775231
384432
709804
901907
91597
493484
667499
284080
861938
801670
298857
691184
52704
122515
988060
270912
111576
827807
363128
978598
440305
517878
25741
809041
759048
958078
519228
306314
569221
561346
787095
230986
994757
826889
451797
675238
987305
221477
752366
429670
524475
109192
634073
839603
452472
170191
313696
273326
413502
760867
330460
172509
784083
669045
39187
411008
262735
745830
532330
671042
986408
711113
673032
540619
489048
313344
319434
957682
666157
750722
42268
387792
779052
399039
841338
163376
449379
218010
604484
440482
144330
794709
559415
207342
426965
582795
726734
943654
715097
332310
566132
816853
655384
785489
627620
502291
376747
64375
71519
124794
540875
921962
104329
423219
755323
375440
745505
16170
279510
958168
449627
471456
673521
164826
567196
884958
994092
180957
693201
455175
940314
643634
297645
105031
448906
325501
386173
718184
136178
905043
914089
619267
882103
406143
932937
130899
929052
200415
73249
812901
493700
438316
738747
981035
718885
410583
289504
573552
525195
187022
453170
156647
922950
568029
259689
707420
728178
295858
262568
107532
314145
390777
695163
907600
920743
476198
212783
953139
319041
885713
445006
177253
29282
424890
736950
423113
250652
463918
417429
364009
738216
417091
960516
958601
710482
557565
900092
204057
242819
959699
932281
34435
933356
679883
881194
402405
770253
318018
194065
203737
10911
121544
358589
424879
828132
420968
432994
570940
775753
93957
510866
611851
402036
742559
293978
352754
997232
184757
307259
518208
709682
507717
843076
379795
183688
18415
50121
961350
656029
982199
947457
759111
240107
349353
350337
287622
906365
694935
379089
969033
547936
900286
113896
24860
567078
335559
855050
315302
654806
134249
762170
185368
583411
856427
955548
423102
877479
742727
2604
515255
579212
940395
100437
92866
834456
238681
951727
358958
584802
349229
287448
262068
27285
309311
6445
38176
421360
69790
172838
457257
976631
149373
178764
90466
956794
520938
144023
439433
123263
156025
4328
625661
771214
733375
116895
493709
85146
440762
503386
296812
687431
399886
249291
11776
847324
668330
228981
218713
389959
785865
352067
294463
770887
930133
50629
440932
136506
271334
574472
367928
828931
791783
646480
269659
549975
772762
796468
208558
689829
713522
280918
296643
253472
59677
612478
554354
129642
244581
308883
636941
507102
646636
480885
84779
814714
502421
769721
240673
315943
445314
62914
130063
357927
2103
804601
37846
901530
201757
546088
703591
993325
257891
830968
256503
864608
254079
416197
829518
109873
772946
325275
39039
998954
324330
230864
13874
575044
505953
935038
548957
86967
299170
574362
888593
14879
63756
764662
461425
143180
360495
354895
883197
718694
105395
200852
245068
420411
86103
98740
955736
274727
523095
77410
600883
524575
826728
547624
366424
258010
404381
613
691164
368860
694891
87781
603460
815072
60105
865755
399600
632097
924849
377853
361460
159429
4484
992892
243399
528935
984906
795039
169556
744959
464343
124219
31470
176624
671497
304721
398753
190382
293997
913476
287139
725258
440065
117941
946602
854428
182612
342717
974359
620940
551754
902598
756943
894716
5308
50694
26155
861846
123388
743769
765829
620333
721014
411067
643699
787410
732273
178975
909456
45942
954741
672686
100597
163703
120519
635999
546439
192265
455376
783471
81898
224322
230684
826878
589076
704193
543229
231750
349244
641084
264848
931384
467440
734053
321751
349429
356358
863865
753029
5413
897003
789413
16153
812920
935063
774101
331042
163319
140321
687386
297505
655494
935086
917814
174347
35576
1605
234695
606317
132111
473150
24655
715114
263950
828633
623900
722976
869309
81708
762456
246761
288249
431668
596143
496445
809141
187339
300760
431541
714961
442170
379651
992170
446997
666214
245917
833788
837386
865639
801091
466991
479157
280118
205696
834543
8625
2436
141764
528180
55400
658727
42084
964352
289581
163503
874888
809350
889465
480215
167798
54117
916417
950808
373944
607953
942640
542551
480811
583507
653894
448126
4519
79398
509133
727015
894342
975618
246579
123445
698131
563127
76105
139261
285841
231407
143319
430178
397157
725846
318169
985407
856353
684629
519066
87932
204205
663353
695724
242179
71828
851123
513601
107085
837544
393784
365610
55574
865683
143945
693673
472943
46844
597837
859828
521714
708306
437017
63177
98959
947896
320018
86888
243973
735181
511530
572530
662317
281623
858054
922332
546416
463947
596928
85776
584985
155771
401992
711648
207493
184860
84837
820007
808439
835635
489882
31422
386696
493340
710627
804824
41276
984631
255326
526907
807791
759407
414599
897628
630958
659368
31004
206421
288738
772421
107167
68293
616294
316243
681722
617604
996922
752981
864380
533441
410129
696940
425409
497787
594693
884707
12465
862360
726955
79573
669471
362341
764032
139003
90129
412459
800898
110422
119839
692266
269339
793717
751668
180725
911160
371620
992050
342505
553209
46513
203122
96587
455297
490012
65128
908093
271212
392730
281253
115165
483744
592198
399671
651707
146108
908133
865067
628276
762606
842068
445235
989744
197281
839888
924386
962356
289747
209122
47571
325668
521028
824677
624362
542361
946122
214133
820722
214107
788546
950006
348326
372603
974625
321022
708427
235792
194920
333408
713018
900364
829430
137942
931196
566969
761783
556426
530062
724502
709050
114433
762051
522824
432673
932197
289673
519231
932721
458669
36227
621478
714889
437867
137942
460294
209584
287729
480512
524856
473863
353825
410146
626693
45085
473232
682974
921180
280161
334614
202843
144238
440370
214965
88933
566954
452179
37348
812530
307984
485818
589623
783487
124788
661959
874476
601305
498578
840594
16852
789624
792136
964957
277852
827526
972660
877097
302711
919165
171562
762340
870890
874798
757714
171967
27955
494877
691869
226206
530775
693770
627938
866537
505735
78923
400857
518208
391918
773268
304306
23755
13209
1689
839379
338863
126660
977866
576301
912860
609341
908605
12090
231875
837047
370730
447701
262373
240750
513807
480501
590407
843249
153396
353031
798658
549329
714377
383911
293110
809508
209899
657788
917471
22326
796869
70573
369535
587342
165971
844996
692603
191128
679682
504541
430850
50292
607604
765322
369832
177690
221407
892295
513361
956903
231381
115477
715976
503049
476574
100917
118127
610564
65089
405634
493073
848350
597410
133931
424659
677677
279109
749004
643082
323003
603632
231529
781286
368595
336623
474950
265099
950123
19057
598950
732480
688237
670352
917406
366848
290404
529710
737812
22254
999039
449914
461465
268902
144261
77714
743137
68015
569942
410051
141083
17356
411674
77292
838769
632306
118600
718848
220702
85779
776661
789161
213734
143832
360823
67274
852087
557358
794900
153949
482266
282488
745164
914684
544406
389538
857696
433083
263073
901141
28157
423793
991172
647878
254441
236440
970058
894634
118025
149130
416100
643204
568332
778155
632924
498398
700728
486886
676532
218966
186767
130704
15579
32527
725405
377256
331787
242953
198113
796096
794946
353419
586134
856949
376090
411325
225564
448473
9735
928146
812360
560754
967917
687202
102213
949020
885276
335893
958117
533449
715689
418555
80840
549225
362858
93561
218727
526884
382349
808351
161470
444356
673045
260500
306260
924336
769843
219314
1192
384723
152445
751343
71481
592860
59661
386928
558066
963358
126329
94210
480497
113175
748842
569059
169331
678221
392347
350714
413534
674324
957296
90983
223401
606829
944560
391157
795436
243785
925409
786284
760896
675883
542015
52931
387986
911531
154776
606067
479945
247446
42631
554535
832273
204019
293002
771792
587652
873248
91267
449684
638197
208283
611848
287654
910040
28830
97511
860593
769041
602721
835129
628909
927767
310595
992353
590741
480709
237059
353826
910447
747965
73384
466202
945738
45817
538177
639583
908422
755120
869255
72565
137165
285921
850974
168297
522848
184510
233722
549708
328652
388408
606495
668111
555259
417827
551744
777464
745574
718214
845001
291519
435432
975042
822328
398919
900782
706268
37222
516988
544523
112233
305124
890885
757928
77653
69056
975910
799192
645648
477863
575158
84490
113621
786724
655415
934552
329879
694023
716055
44156
300299
257057
289602
420322
782989
197419
763490
105112
298672
127238
473780
870177
685669
502557
909576
944746
855814
316390
585045
583956
542400
918600
802166
661424
460635
525975
697541
358536
242792
175674
645395
386074
972038
536558
827585
700640
118032
102435
917181
633546
486950
192132
175197
33934
517143
476948
173137
112149
781480
432180
126344
60822
84099
926465
887266
592960
110207
991514
207117
501713
920520
531519
706111
174404
365035
159316
556750
252967
445697
84613
637423
691722
328181
521413
198217
546515
599859
882479
281653
848687
160494
805517
718613
468643
148174
708534
891662
182657
502901
532561
288355
987637
624557
994488
48943
117631
452976
5433
664702
730363
370642
796022
673929
431580
811151
847084
158221
45175
482605
411216
139847
858299
91277
793429
450958
236287
701972
43275
349836
160436
269552
857697
668058
35833
317770
611403
901496
33358
52615
410110
783206
83040
332089
117208
838113
138690
68584
342301
170685
160509
544953
773597
937052
316542
610745
774513
491720
106350
72969
712100
942579
607455
147813
224814
832584
402209
442962
39962
475181
774261
471780
531658
861016
653273
44329
299409
724427
591746
913654
823614
324333
613096
776588
714680
289222
30651
923558
70533
222615
571315
194721
722277
509332
349189
250504
574747
47167
230897
756347
572555
232163
57720
268220
935102
416489
420971
529175
187267
805466
212127
279083
800497
456625
92477
842200
997319
193628
694326
482311
19956
499663
782227
792400
612082
436037
166122
787341
964876
64853
265004
990457
677761
57901
646620
508291
205569
853293
10906
573365
41876
322530
516446
267964
695770
457053
816896
232275
839341
243695
11763
569296
755938
37444
318866
903819
63663
160282
439954
171175
593574
586972
739864
284542
768671
760991
237604
816365
391732
155896
112234
483577
411622
887
613889
107164
109534
258309
809973
888752
62925
976662
301943
441783
816116
272970
432436
209220
630848
372070
101058
577610
91917
158505
864119
862656
37963
962254
765908
760557
668350
66398
528863
109781
603359
495087
235470
810560
90464
904316
825439
759971
501773
95842
357701
266286
391438
385589
84348
533041
741961
299197
946045
340076
308132
586064
434254
864753
519784
311117
352241
643640
25089
706546
93052
871871
717730
724379
742664
228508
417925
436952
152323
699680
153168
793001
595745
812586
374099
345560
6575
63237
850286
884468
936456
347327
6480
823461
873440
138055
636633
156657
862462
597569
756193
230154
889734
152746
768466
454545
635252
807139
54960
761515
486437
164508
136890
945342
199823
289566
528168
216777
41745
252020
794131
883998
736741
792759
993460
92476
149106
632373
169284
931469
396735
501438
714819
822584
598785
792778
849493
220772
38549
635786
448582
200075
518793
777
399022
478006
136596
424447
590128
742874
570214
793907
402652
824655
749722
860745
93044
144169
951305
43119
966412
604661
907832
366560
597131
279698
893297
336276
418702
496937
173487
302340
648107
736138
950066
800861
157202
954020
713715
331009
877648
285601
569714
670708
245869
46108
842283
313833
680054
500672
266151
319914
659029
265918
461486
897822
442012
901162
243225
895674
662240
238643
969606
585799
139970
398141
378598
28747
156169
460573
428848
39447
828267
242800
892792
692076
565035
20248
699354
984267
997148
288468
275472
841112
343555
295035
364260
71210
513370
512277
905855
767730
361009
639958
399263
309573
533295
203448
228903
133383
115703
690036
426320
782518
595366
524316
627773
750160
576120
140760
802733
682722
480906
470395
586122
872175
360890
211585
64286
953017
659690
283815
387045
249198
935780
845671
118269
130098
576407
371983
200890
882181
21568
284605
146582
459665
508644
187385
226565
438995
175673
18991
5479
593123
904229
734535
883607
271713
822110
593699
403168
437118
310896
614965
278608
622756
478173
746426
376804
937155
827870
133078
497954
747706
190600
924749
779526
406494
689994
548187
166932
2473
666963
602802
214796
921154
109584
781838
268220
481380
262867
95222
673455
223918
566927
494160
991619
793352
411200
311137
524185
771244
338343
122081
255653
547224
884467
583159
714405
793167
468475
1942
767150
548934
953896
769011
284961
94258
493168
237922
564541
698027
815485
113740
961870
331837
439980
661391
538820
709260
717424
485938
529182
803617
405207
17348
781957
102741
606373
686032
309941
844504
950684
351870
796758
627039
526301
836937
920617
829800
981800
996312
411550
460523
189632
73340
781762
235999
155754
411909
827413
433573
763987
146753
897977
767957
788945
799698
285511
23076
168450
825387
791868
172655
390225
715879
592529
133670
690967
39174
273768
107543
440605
185860
809762
255318
654336
292823
671181
604871
92014
299526
550011
869576
597132
102049
254830
520125
584058
572385
644399
735353
442094
862364
405246
996869
712573
40228
905123
1361
914168
848062
165603
526645
991667
536890
736398
118434
730465
17716
785845
565993
259803
736037
455162
718311
997119
665574
738623
598605
68085
199747
532096
56776
591565
97912
145149
894097
904452
707275
865423
152339
377254
808453
354844
116019
730765
404238
479206
805249
499015
488676
686653
733179
552790
588344
444949
188152
904528
697509
29426
814904
590695
859213
100288
368645
728899
932562
225791
403973
976843
750190
132507
493727
839939
258864
78105
627336
355088
156308
940206
825897
70806
239101
154794
664687
859394
802513
757841
740334
123299
862769
838090
393715
88051
477396
149681
10533
731956
44543
807879
811798
276150
30947
161289
401388
553141
977170
55006
19750
287135
770079
109033
761037
671986
847378
423423
952058
41156
411077
625778
200958
911517
259615
313292
659377
22782
177642
563352
793050
451077
409810
751834
236856
467112
672444
684510
310315
995871
296448
667181
107138
160542
759429
87965
148898
858240
16440
698560
583311
806591
952809
147324
458010
299872
716354
624187
723047
949228
866404
522424
985498
13464
971231
243706
251550
282118
421198
248990
957201
694372
530893
863692
462479
638578
243993
704780
881626
344802
75266
31153
93411
385880
504655
373427
394039
395985
621870
329691
297929
602400
543638
918871
716440
32530
764155
897901
969405
974963
715117
547980
500627
447082
35406
11390
772163
888895
31214
775419
656554
161405
193221
445655
152618
35635
28044
805466
985610
801940
777080
923376
835339
546814
686612
903479
751048
529432
494905
765302
180232
57364
747245
226030
489636
919252
960790
471688
610959
227432
191769
340013
805959
579638
147156
903413
458455
24371
229236
40503
605702
566733
812915
263103
50464
349035
841393
794461
517854
563340
92014
367258
241588
158156
718242
61702
30072
806917
126265
383917
699626
353170
615470
195880
279844
594159
866755
71631
451103
899004
413914
763404
74655
833696
210996
561803
89084
761034
771395
506765
708495
221075
841197
955100
311733
296064
954016
73753
930115
468643
169356
815345
354246
333792
707714
724014
39925
209037
820071
443497
495926
519475
725012
16989
266889
859314
276366
812056
83989
74433
911709
923787
159565
380882
394955
991744
593599
660691
957370
972458
559929
283217
264034
830360
163480
313015
484647
627012
475822
114421
759059
682120
693199
636028
407477
753648
629688
825125
712917
320874
450461
354737
766034
338842
594894
541227
365915
277066
567429
356138
161286
83455
43342
769459
665296
508071
243091
190843
743474
509550
330563
750089
985180
831983
834847
718266
5328
115911
610593
53726
863454
580166
989705
846464
609400
93759
780741
718084
860209
328063
169020
136488
67158
649434
294455
431981
207529
68384
234732
221711
794998
239471
197353
275695
197013
885026
922969
97938
3899
96615
545910
952450
225404
861871
280396
356370
780641
65214
123174
825471
496481
788322
923927
652978
797248
55296
320870
656482
243777
240842
398359
585559
591433
667788
362130
960585
537810
18022
769971
43367
404360
346260
105005
361139
892804
468905
296411
225802
568098
766427
965797
510018
979393
739447
707147
143980
770454
882101
469969
43576
22445
676518
899847
196920
547262
260106
380916
349501
159656
315390
742239
762077
390604
876306
417721
176663
143113
907001
959850
764813
913999
682137
9526
665007
60642
9091
164428
571257
537581
498940
294635
144978
406784
471866
774001
748565
755368
505194
388482
978669
471210
163310
36369
8026
797596
975077
437454
832464
433951
196002
789420
922558
483132
800702
400014
718572
87194
282824
987981
878909
576409
934555
460136
219988
711695
833737
17353
829651
732701
620531
690864
318719
549229
31162
164350
845951
606666
921488
569120
54851
740891
905832
484118
674178
230077
477580
839007
150427
453372
859788
370179
567773
729902
705108
237757
427042
236141
438103
840002
762070
273775
747560
638258
718934
972036
22375
454938
569395
889451
525848
754788
605141
10832
11791
765788
840188
716262
848776
977823
913570
156509
532307
82722
876157
284096
536172
72284
388384
396527
766440
112657
544001
702900
313100
199997
225493
12995
263544
149529
579608
262418
337665
569484
520553
152659
958172
895345
655057
474635
542965
802049
888292
223760
821855
479069
825088
976547
40871
187195
869682
653799
201217
5418
126137
783294
396836
270851
721186
739583
579313
612334
32594
691925
745934
741966
602594
659831
508498
644106
506660
705919
205209
749305
371972
660714
175478
24233
451658
840683
677768
296396
185596
74220
680805
625536
115233
508578
781300
391994
971808
407051
521879
200462
963398
875271
262789
554845
887846
123088
255029
971483
202906
309912
508662
367291
52136
983742
551260
133370
194305
300844
312084
386373
818403
520335
433625
592200
392093
67508
7935
7061
222962
339452
620845
150188
145815
4988
215976
284141
104599
956851
496650
928855
794775
411880
141393
704892
466227
594272
578707
283011
662406
201337
893135
474073
697161
573734
16991
963126
222291
625672
115659
132872
860158
425381
85815
90430
880298
978311
559292
452786
438939
597491
743315
15091
893822
773061
248493
243566
591817
769509
395617
783929
492415
118888
898621
598717
271699
120709
657213
65469
117796
411249
836442
245127
331879
330010
696633
186869
164451
669757
575492
705312
90453
268133
588886
111075
127859
16385
882000
12743
341774
44128
223369
277584
39248
445579
280674
207587
632677
604287
606967
391122
838519
519621
571505
382534
619601
256432
466488
331528
595493
67123
344326
980140
202793
280732
759575
865882
992987
285361
357052
794554
91749
175717
135055
443259
219613
500471
244161
743041
491875
488232
771215
651049
112045
440279
275475
596730
872672
808826
885111
446633
302484
339771
972228
172232
67514
970093
367256
825485
974618
947113
648566
545275
727092
17545
947576
43247
190600
248192
494047
237961
273970
354709
186891
992117
427885
47866
88454
457109
270008
503053
58746
997453
577813
999274
5379
224170
702766
517995
50975
784176
417683
885181
661442
775294
238430
975072
339271
15200
147512
497147
798656
981617
421364
730265
32750
889323
164377
635652
876044
646733
268669
830012
561030
841447
473036
410580
898759
740293
221608
572778
708848
9334
796650
483649
541284
309304
803975
271677
640576
451585
891535
351866
87400
743020
941326
963720
264060
233215
142933
347719
66346
449621
373587
613596
795102
548012
741148
264717
406932
898445
542476
595519
601805
754324
603909
364553
440415
939611
838739
478004
333863
691719
229233
595921
766299
646446
519013
544951
424634
478244
613062
915224
460324
263713
647006
659775
903110
407376
30634
49193
547181
950198
954686
648829
145852
415805
285125
38632
193593
361565
661286
301465
226305
719142
912963
296278
731484
440940
618075
730298
952875
600783
730127
13388
110206
201445
157314
445564
736002
910087
589465
28988
647895
51381
927970
330488
912640
691751
694864
407476
96180
616561
127396
475841
782865
187921
511208
821852
822512
36440
918230
256035
312339
85363
267669
537013
883835
617878
396515
451940
370711
79172
737230
479961
805782
648380
842460
633349
514781
351171
566474
342528
461204
366219
652337
525504
165019
303357
336197
116215
784347
982952
256760
325768
34551
106117
985980
111208
31648
628326
440869
569358
302088
494907
683692
210838
559150
194753
479056
597240
52312
939144
149398
402911
278879
26975
494386
760553
945956
782558
268734
449914
21984
85519
554151
169533
553625
932665
202535
291704
439601
717067
661932
245323
986009
917538
246296
657733
839202
874551
364834
592803
992948
577192
664537
179174
302167
768545
361545
983056
113263
185767
640310
812474
281989
962241
629189
876821
51264
465795
469626
680251
368370
302840
631708
24689
155342
20843
946805
299964
719160
237714
427894
240732
678901
248024
188663
324906
653057
536326
599643
842441
486464
327565
561490
300364
806540
417970
547256
801316
962733
866774
486554
180548
845798
748257
610905
962835
552492
658251
876072
295565
925042
358534
56304
734007
587615
241035
997138
214269
756769
192384
834444
196329
200027
542467
758517
759106
767226
48470
792674
821311
140389
963623
635371
103846
676435
522234
813064
882502
271286
821557
3348
143757
660629
291720
302964
344583
898935
984055
179089
287412
378427
843909
260544
826180
503109
579454
790787
774193
753107
274722
72361
491961
580077
718313
718480
447799
940795
740919
571915
568925
678960
648542
286430
345104
194084
149642
625382
398496
332544
3149
63702
956387
53075
257544
286172
772845
493953
769138
940066
14253
989466
124040
845424
765799
837769
405521
836142
155785
209827
247181
964487
226861
914783
476026
193642
990506
144293
928130
320426
370007
546559
883140
820869
715294
69100
428477
824770
157752
981715
401619
382451
373962
676245
826878
33114
408860
976379
532179
465832
385970
798158
748462
690273
843209
805254
621692
510299
766127
757786
469795
814116
411455
68022
807118
650947
425400
295947
268120
7895
395066
955904
344276
32093
469212
991750
807607
3789
115884
235529
657891
681507
244484
52674
362384
438843
975045
584873
695001
589717
534323
172808
724961
293561
132973
719147
547616
272756
673671
48884
446542
446784
471238
765003
870250
151297
481079
732402
360167
640108
837484
747830
766836
574722
175508
327041
769766
709754
828790
419021
956997
888701
232394
223027
19312
161227
236148
928289
134893
360443
306270
928874
837137
464287
197296
647992
177800
148742
319343
617756
815810
197595
642863
461766
893371
299306
233718
507920
324452
793859
183023
216052
372723
882167
830983
391902
749956
831359
783080
798301
395114
566012
649936
601395
534295
6298
495821
648011
218467
725837
102103
264266
297596
827197
507082
529342
266411
866942
980926
579955
123391
435832
282309
306916
163480
360358
675712
561423
571857
766970
581022
797985
132939
7069
359282
550353
218579
810963
529840
493385
699759
113085
987653
307966
130506
856504
954000
580192
354681
468195
330496
938669
229737
76351
509259
832225
633448
72495
921159
9608
398220
957086
973481
858099
380227
987391
304793
836361
349625
290096
62638
991605
749472
621880
420555
130493
642079
636847
689173
780595
685465
675261
466896
545924
176344
291834
445845
611309
365334
171253
733618
300494
22056
667280
845022
90455
576583
921096
832023
699294
739261
799187
561370
227155
434409
900770
468350
832139
716782
247174
670190
393400
374910
104751
745729
480442
720382
879247
811064
555214
657687
101788
586195
808420
35353
48693
548880
329807
299659
783964
414337
845078
632211
103266
466185
788647
908030
474464
834099
775531
773613
796513
585198
57461
202909
347741
152553
781844
878353
974944
722439
241543
560158
324298
486207
200208
787667
438575
982867
396961
705283
572126
160491
929587
938096
67839
333966
381558
863445
405526
377788
860003
432016
34148
736170
51629
915882
621484
774874
140693
728580
433043
899287
451485
986913
350304
196810
904468
675018
231908
588092
635600
190306
287923
846569
759482
585478
160144
565821
404867
33568
820583
215470
333877
150089
460275
846709
990820
204952
975808
251178
431107
846924
270539
157115
770578
362577
128837
260104
735029
566322
830070
143134
137633
477852
96638
90191
271919
608971
757239
558251
978707
741908
42871
7133
951910
453005
358834
372707
114207
297564
221180
782187
154784
706203
339243
811079
315180
26213
942555
727053
985143
912960
578827
252110
242262
859879
330532
310705
133078
645810
68186
889003
354152
238884
621995
658780
23481
813585
461637
639433
848864
257194
124036
700914
596785
127079
450009
919632
489967
553359
392134
74413
479582
28583
495941
308063
370741
731317
245513
635426
148274
812655
59292
926609
774024
735941
322855
278657
904052
959560
691280
30522
383789
929205
513086
474131
925434
627234
919992
404521
289373
287044
537771
377532
777389
182875
242826
568486
422273
92218
625104
591864
290888
540918
829921
56370
879350
257899
724366
64031
861017
382054
796983
905291
323146
45746
881803
778978
585726
952834
441387
527335
113724
466744
128941
121101
816169
734736
565693
222517
152767
563500
620701
909509
542876
628796
89484
231905
272503
480521
679237
925769
899181
787103
552862
215119
193274
427733
934609
109107
604163
861114
824152
275101
841871
919134
409521
782134
125270
563066
398977
86627
49330
403389
955477
493151
903154
866291
117699
659507
920334
647956
736367
76181
895220
264743
201962
266395
734592
58449
851252
390554
121675
797822
805474
520671
640539
863147
625627
83593
62264
635085
954620
710209
703966
717345
364571
440344
142158
393297
695209
840763
583167
893632
751345
256533
208114
884786
691645
633474
112675
508955
240151
578091
805275
564163
955245
641218
710050
793170
461646
438491
585618
806845
571729
338598
715719
505165
817172
361221
658867
467145
99234
329742
502030
961152
681582
993246
663978
944757
827708
865368
594084
333223
842655
875769
233079
976699
746397
493273
701354
58312
342510
744513
17962
793983
290467
926243
477554
901557
654756
677050
763878
224847
585938
619519
275264
557577
85899
559173
16865
742627
579595
211634
879753
364136
180976
839834
896418
196636
368406
100601
69430
839937
49696
140173
894594
825606
931608
817998
171554
802957
347694
253835
32235
142231
421469
423138
895255
590351
37675
865436
653147
452655
591759
174691
99349
397459
669612
654880
757089
823128
411324
509301
196107
505136
203464
176916
769886
50182
416659
382458
34395
269576
168023
981964
820678
4118
334311
116620
7258
840389
29875
91064
386332
42384
813418
597695
848716
809371
637754
776033
970744
205029
554611
159522
253036
809419
705993
116266
690692
526451
364728
698940
282082
633819
644098
207249
698042
283966
679828
380176
262922
231392
809991
210477
528167
292727
530689
62491
953715
627382
200700
711663
550955
549366
28383
908051
964893
795459
789128
512099
980470
515393
609835
425447
403065
482042
284244
75309
909260
707525
829896
230403
26733
404499
755913
807822
403010
826521
804537
372170
244429
403990
656726
819295
911998
313664
14052
731036
661794
868111
284648
303506
788538
938981
445904
974992
626982
408088
565936
760054
654400
454878
340135
87160
79046
987284
247136
338225
301999
789227
507316
794657
55774
609135
216621
13125
607028
780533
464550
397714
617472
820193
368334
872653
982738
492817
824907
552777
696365
25706
808443
154558
532122
30141
473045
747779
155673
619029
446062
545065
266035
505375
19864
809139
287531
890806
258661
615541
75794
916107
733129
955080
709370
616302
461149
162279
192770
958267
249984
952681
264912
785443
245592
315227
249118
671446
335222
526777
549483
572234
590999
840521
373969
270827
272455
358805
92662
207263
818145
185667
104092
25204
687153
634514
429908
611049
316794
12915
778704
750230
105363
149186
729557
17720
949292
15519
493967
10333
403182
139373
515838
842984
895489
5671
310543
669826
380903
344794
255878
990942
733189
877443
678294
624934
597762
987589
572499
492615
37448
723270
499198
148054
164904
230376
107328
911197
83994
471199
109682
206023
212321
848628
772761
674019
664973
690325
439535
544216
430298
757270
520604
569510
25078
774728
747844
565972
547232
123700
464953
275196
406700
346677
457745
147631
668259
60975
862355
168262
299335
109744
848907
943558
950836
872737
223165
63023
666977
199720
254774
872993
697286
47710
318781
651308
287704
788648
153897
921330
612208
529716
746828
951355
667017
178002
297677
643797
412136
868204
810388
399590
617238
674788
460510
259664
602313
376072
869936
350783
300385
826228
721896
402130
725646
72901
834606
67939
442382
630069
596746
155509
982868
24152
210512
62457
516292
911218
355062
652157
990939
492275
391686
424754
6252
792976
5998
748824
607749
498366
887669
500232
338352
173581
997960
217437
938517
894624
889331
581248
985405
148101
318443
479375
988785
326069
669895
125226
65281
85545
766031
377562
85216
592406
570477
828253
221421
810439
762048
342354
527180
287767
919952
233341
633843
705991
656283
420536
718401
471170
356238
12855
84616
874538
144335
99894
511659
242142
474551
9089
628579
169547
728221
289311
735964
419372
135502
225372
527612
640735
967320
107954
737091
672037
533317
858900
333389
224374
158310
362326
827573
949823
200453
758204
652372
934329
952380
8413
206631
468455
502435
358963
378382
868396
749348
624770
928369
256134
143468
914275
655677
496875
737146
302125
611084
431742
864025
663806
439011
567470
928810
44971
427092
589548
212443
335746
267524
129286
854196
761912
241287
10469
216336
779508
799079
683551
788264
834294
965188
228794
83723
754278
609365
471294
691690
541173
252685
80758
937871
773234
74584
338179
580014
885163
887172
448156
817300
189821
622845
838757
803900
868219
810545
701355
395073
483063
102738
630202
710189
970928
633209
818332
898415
364952
639656
516270
333739
479808
195048
330528
182828
57954
518609
658568
353525
260363
228840
699684
930549
45027
272418
158954
533144
935258
620167
822158
215866
633649
380018
174416
954550
21410
871925
840766
691165
584109
717017
403085
558210
353601
136450
559760
680114
863363
941425
662675
129410
514429
807908
650839
602304
612390
388120
441001
299467
169546
178863
434785
658623
670998
293740
909812
33352
149250
424602
30007
160408
213915
589325
918129
976691
381868
740800
638939
993639
851080
327069
854454
136730
484599
662940
904009
126204
683515
881475
871414
91675
991549
608075
653304
195988
396057
311651
937595
242151
9923
285901
638168
335716
574932
788647
135852
471810
1717
826756
858388
286927
760358
230393
268934
911105
233132
654580
702991
903978
158293
534598
549413
386890
98409
645889
758888
772606
487471
194428
371642
717911
781912
1075
605879
457030
413709
870859
994067
788659
158736
236340
407375
567468
634897
686120
563928
110330
783952
654416
39740
291152
525993
882053
188425
691677
545409
783091
154948
684608
746827
22874
194115
774875
367992
147246
299112
836737
356665
924255
749882
101321
716274
26739
80673
604100
551228
855054
267774
904075
835031
590612
780325
747441
181803
683557
183608
471319
274809
11591
747681
166559
905699
218722
687083
423801
377748
411556
234237
119385
495501
925444
836085
551049
19469
374308
863197
102618
328860
18448
604813
123510
188341
92132
133661
386513
745806
762058
852612
281406
859653
737695
166802
394974
448873
464375
698310
816371
214945
171511
500429
138706
420797
880609
728984
243191
610583
801773
62232
521714
578469
564242
378777
370560
671903
342564
139448
346805
701063
720087
75074
451092
400601
856801
764523
617537
711953
805566
483048
356621
397076
770317
6761
270385
870780
715928
504118
215766
968259
601265
383141
16337
542539
968631
950262
566956
132231
212408
531595
725215
968714
54192
523591
903262
317610
862128
650945
862412
347984
849178
896357
639437
528799
163593
524775
669561
344639
18765
501541
285036
77957
129619
101721
733946
12417
351268
788471
266688
500643
535556
39081
521173
482058
376570
424229
10016
778283
311088
442279
740547
682906
627632
96016
670517
507576
391886
104795
683950
749242
560741
744376
91643
411857
652345
16519
525617
554171
796860
698802
88126
962662
533420
95015
372507
566844
256793
294065
552350
504720
580420
947378
599147
341923
878563
726783
815306
964946
424578
189592
602645
206624
57091
303426
827528
190876
288774
144963
689915
941679
930275
461178
844139
70468
546772
48536
883444
738772
301552
691903
329627
217037
691538
730613
578823
797406
736344
582532
94800
325537
215111
552754
31472
182310
838732
29528
130711
219672
826014
715810
582554
865807
708991
176930
759179
154673
398880
654096
868323
503429
854500
560482
742428
422678
842877
482244
923804
704064
708083
69877
243019
487258
742083
646974
120389
937920
695204
297359
340715
323899
150437
258231
578964
269071
469041
739007
868002
548322
33653
710756
63535
475332
385048
32816
639653
842399
463401
748788
483244
639292
545111
862244
980543
962607
196249
613519
999192
690145
630318
953465
856458
40312
195134
568983
746029
440037
639264
200038
599475
77513
203317
364392
689753
950341
79025
313660
557242
345564
103930
699800
825341
212551
431656
806374
213231
412246
669741
668921
450795
126718
239630
341163
207606
745603
308687
939732
56039
962115
258093
943593
476611
978716
45573
592622
220775
895291
20178
927001
704798
260482
653396
960325
313619
867349
134411
953871
799840
57922
23906
283665
792836
661450
131433
46009
875572
619856
270715
902725
924296
95069
707711
786013
968982
500942
710281
418060
846044
292891
638944
751261
474646
808516
589147
94222
214256
281178
338468
943283
793878
716583
677598
156330
193063
529915
904163
299895
926087
565076
630630
14588
387027
239849
668984
717910
75824
450963
293862
722518
910844
34648
719359
322394
600678
560406
486771
767624
576282
876297
558614
827366
836116
550329
188548
496089
931414
624194
69215
942201
613429
376577
340340
125773
439437
319768
777404
739752
898004
5151
921342
756831
631948
5544
254993
793893
741522
238380
498560
399750
881172
863062
138886
512508
472288
502956
173432
100657
226711
619222
660994
555922
992448
32973
579337
106380
563129
81505
81584
788071
555144
784486
38007
866107
339983
363900
183165
426322
942430
253050
124198
526556
498018
492215
925591
447113
523324
903284
21022
291655
559085
452649
308719
873432
502253
461035
906441
606670
511771
57718
686392
657638
640654
843357
332339
394239
866441
947595
615333
988469
390669
37045
48201
266207
6217
741598
963182
405793
929837
853190
460378
481902
877148
449136
381003
95581
426880
746191
603928
757607
155319
671500
649591
177787
858410
921526
581143
705726
71871
777351
527533
786146
984228
48015
106061
366562
291020
375360
347246
267799
329015
684309
987536
312698
529833
896287
75833
127607
7484
72621
348314
389738
131537
747735
63121
737528
295458
544487
380680
935821
936947
948005
169018
700717
324839
150142
931606
354489
473903
241360
263868
564225
393181
199445
500068
357632
919447
297705
812254
695672
751655
723449
655284
741163
588782
100874
453291
679283
425401
386979
381737
407039
958252
355225
676208
175402
491610
50549
700360
398009
34039
522819
375419
182961
868069
531706
920954
749203
879402
463235
822173
347509
557763
294183
4104
167486
703377
849754
816553
492350
649714
33950
992477
741288
328939
391958
823090
825773
173569
310440
554119
655797
509863
293581
687056
940540
85329
337400
546678
51848
969382
374432
592923
399107
389269
351788
834299
824505
837311
586810
457838
293230
602450
971981
905354
540253
620341
94801
427877
965321
131871
731275
154232
339522
162819
896801
661534
148215
43942
992195
188412
25074
233552
305461
608060
183732
345824
601339
189105
320173
274298
594464
595295
301912
509212
10850
837074
990321
346575
580221
510572
271572
53625
348370
785277
812595
319311
307124
683914
561268
965863
604688
750000
534885
941611
268278
906210
312413
349738
171272
714831
404720
923208
948605
989599
441486
793174
870163
863707
323192
186685
512463
459628
334560
669971
381298
816379
434461
609424
120058
552568
904328
871514
713105
49975
2486
472764
778647
356404
785809
309
537031
921463
146389
854573
251016
150354
933733
768066
261522
66952
266439
416833
926715
596680
345859
749425
726301
483990
310483
981960
590246
574795
747207
309377
119548
14963
321400
535365
782923
751444
921318
337862
112364
119310
14513
869867
601715
919902
665200
545509
168469
840956
382450
901921
502196
684965
251727
486294
405513
646771
885481
67198
427757
205095
924036
941921
21828
633481
475391
431372
552838
846694
295087
579425
929963
231353
95383
903880
782003
536100
869381
512963
393039
379485
848268
650080
190511
737702
465049
666247
558185
410996
442868
283251
447043
967921
819285
252926
668381
830173
75744
401748
191998
406224
81023
280458
506105
797978
182747
943495
226491
334155
677495
575072
659828
856334
221929
188226
810272
515440
525045
612488
454129
80895
963783
839213
588379
275917
778829
372763
925244
67732
566639
820450
44965
325171
626732
49988
245577
242966
353938
426733
173121
182133
501721
900223
274105
916915
2525
271564
480635
545382
897527
203421
951062
561270
277367
900143
759274
565342
191679
148989
300691
385616
317183
534776
332528
824885
622664
626388
96015
429970
682255
863868
987702
588230
188929
44966
206608
183216
725821
512256
86515
509549
592115
958346
490506
183167
185495
845053
597412
777929
376641
145577
398296
133750
479652
603356
656850
691578
57257
539262
193471
29296
722407
684090
862673
287011
686721
936471
59439
651688
500765
923813
33660
122216
632572
612882
152067
818300
395003
974172
439100
807089
688677
789345
860349
659371
767090
82386
118336
973285
85409
615622
306445
528022
681261
755178
559556
137647
251055
814615
713353
137217
368976
188412
35404
827132
664232
56762
664499
932883
777208
309199
823719
127035
652224
797865
125240
721553
702782
274908
982254
851163
330117
39471
722093
599462
976118
579665
976580
246415
780637
581161
437906
28254
203242
487115
156565
49421
414538
48774
311632
28326
598433
522714
720024
451658
510439
532551
838716
309838
214236
512000
342607
452735
548393
837438
447252
697734
249365
164018
505284
335783
823712
494098
715710
702499
461695
503957
889036
169150
388789
712314
638477
537691
979723
411521
59525
641731
415852
404285
530046
190532
921055
913345
335768
741366
599521
885112
400692
978969
515934
564305
368889
272346
449996
367191
882369
90228
382884
25630
164388
180403
869950
69721
790559
429140
392969
819273
351456
994697
291684
818704
262192
438873
250971
647012
933117
994851
620993
274014
305731
833154
669030
235698
43991
37580
409461
983865
193104
545333
650989
198699
169234
941201
186362
775464
235192
428663
288111
750197
794141
913601
883618
108612
808519
84399
478693
717675
185329
778475
147036
264695
188532
873447
504192
829530
82257
46755
319791
212543
574237
347658
436525
833342
97610
272444
218107
626475
115982
433447
403922
997513
147825
925902
678460
38748
705400
807596
331280
639580
594729
958129
49288
600453
544059
52459
781504
957708
302876
688640
362701
205484
317726
898584
874488
430045
418687
451479
203990
631078
956563
446408
46341
348490
522128
532373
300677
363102
216886
749746
647152
317818
455641
273306
583576
923534
558668
105202
224379
888332
712044
115273
172453
750019
944198
162369
532451
736460
917990
169159
787167
207901
612029
315837
181213
722427
441326
954937
324881
274700
371509
341351
183386
199882
257396
15562
480863
453844
65756
700767
523781
143262
178740
154402
716874
899529
590793
284394
668929
510862
286643
365167
910442
812563
922431
447148
945517
663264
856958
198239
631603
620523
780329
792814
764065
86479
153455
103332
889586
868251
492637
437016
893488
92295
674025
184558
337871
495170
953051
422455
579814
299430
935065
592244
335755
21389
646669
319736
874889
19837
889205
526507
629952
394431
527110
538282
224090
827085
427774
360332
714982
991465
638597
544000
499986
900234
913791
485650
300809
679921
333361
722252
767783
518235
969165
611513
176853
134095
647516
361477
811270
13463
31942
705088
507213
446155
388801
407169
694040
674760
478228
772071
326157
458560
862407
299579
959743
954219
179497
454065
19725
270684
727101
87693
585303
418222
325570
582115
376286
527837
422430
955383
199799
656689
119270
206338
927084
82772
677197
265174
164144
362181
928102
749721
274620
418021
68311
931757
325578
807471
764380
71280
275053
508229
498997
611743
766027
387621
520302
96405
777337
13882
689289
960498
360177
330447
755721
761943
140402
369886
763741
703117
323892
549511
672872
470213
733383
690076
715945
389818
42311
374361
793868
40754
558142
763313
129868
187620
913430
751811
687299
96884
238393
298476
965071
979418
918343
843189
893475
585248
93555
710829
807271
940554
713467
379026
22349
838159
496578
834729
563314
347462
875147
707309
671468
178332
539092
555236
488182
780545
943245
747084
99573
351267
662387
995381
199462
689107
310734
713832
487719
299779
14787
256389
746654
679088
732566
852523
843530
844125
216001
675087
884644
558389
421801
704880
768049
52690
497859
141025
721063
76059
868675
573637
980217
129415
683132
291673
303297
918337
546969
773163
880778
825188
900086
43497
849207
556005
379292
478996
347858
61072
714519
926612
35765
796715
433846
140068
834703
813879
9503
351661
186451
592660
121164
171505
475907
52868
201318
746974
346389
723016
332540
538115
35455
518438
542368
448094
589412
776524
362782
97939
682971
217038
85466
118138
461656
764300
852613
783311
691705
337327
527291
351757
488367
687378
181245
977620
207687
113533
191878
484294
552084
208140
97100
518962
627963
305134
911188
399656
599771
601097
429554
521964
848726
709755
156316
618821
888001
66556
137962
296629
575652
490527
252653
424258
520622
156471
777641
405811
49656
348630
197488
775959
59316
478449
866396
717630
55474
935263
559400
360843
435598
691200
579947
838689
417722
230202
418227
505915
216548
671519
246202
738840
180931
231531
870280
31443
129987
565545
880100
438736
66699
750196
740600
373971
899623
623131
523456
477163
139735
458014
543854
650571
444659
310165
47326
113720
449273
491632
901617
22110
473653
371993
449928
809214
104652
862838
537375
286466
787812
821962
678723
328306
614707
667323
356209
300862
225315
509102
397069
587707
425183
141134
176828
401387
868989
669932
36574
138421
305992
773185
255979
939123
364520
796366
774313
734890
240624
600740
901575
962837
495557
829504
36890
342618
50790
155534
994097
868638
432475
26574
723158
390836
493246
642068
775140
540144
600608
878121
872512
95130
663834
412367
971957
830974
593202
906146
824368
380385
707622
267354
693141
201870
920792
548845
250811
817613
638677
237138
656267
609141
757123
175903
498864
427801
518311
656340
501627
755806
685777
481968
391255
397997
392037
334145
774947
966083
657478
493114
712305
517221
210336
330812
345819
856177
577810
976759
864445
673488
711287
10602
756690
563336
446096
90374
725870
86126
741775
268656
942677
6905
515842
481766
545271
771377
110170
627001
128265
978245
860440
195896
859521
831996
803795
584493
904558
465732
558824
661953
856433
104999
250494
736314
945180
769435
917428
867557
366565
502712
285866
428431
843526
81540
668521
39277
29365
634666
680496
221019
875131
221834
411420
163329
382324
480105
384819
625362
700258
484425
309773
590574
718893
900052
985695
902184
875579
855218
913701
369313
918376
269050
271083
866387
612322
213380
403065
688362
956836
142941
344729
998476
88333
840468
259974
942906
835932
541425
259891
520398
893131
975685
571188
26596
39045
350429
746061
553045
117956
149328
161238
895775
86475
458360
789767
880864
563709
103037
67494
658817
40217
566733
214346
137264
26003
519912
888394
663173
705743
923543
669000
239430
495676
205756
716499
401734
423627
372549
364285
181672
498763
962170
54971
180801
558307
938486
379506
499803
251307
126259
381732
735126
952999
909374
568822
723306
680608
85257
386333
572039
27937
166943
255077
759709
904523
673330
418910
996728
958869
671312
899427
530755
486884
418484
332808
392237
909187
39417
58335
799848
121471
980202
181863
293838
97826
667252
925650
693918
113930
167869
33010
672805
371813
795853
522111
2296
140811
389674
519495
253917
13239
466819
829490
178506
687523
328706
677553
420933
158784
22916
990595
26282
288655
836645
687460
228683
6623
474804
820178
631922
254435
683910
710589
330561
500527
374822
853322
923835
599439
889450
387396
332123
477636
558496
144864
715106
153052
324584
86315
76462
327853
775963
812690
477638
148397
162217
582861
668786
278001
408769
520745
210823
578752
415337
145266
361857
746388
339885
289081
858376
408748
681332
964871
874581
930129
755886
313374
702766
481571
353705
356776
767821
293022
469827
942335
838303
530159
849338
686936
617320
564845
111775
871885
588867
124726
16937
561285
192839
228071
339238
610177
47302
880823
109196
206342
953775
303536
130478
211619
193939
183371
470986
955422
861893
60072
893887
129471
373914
687783
595932
887736
252431
615526
91539
556463
970506
3031
478668
809834
49721
167932
995670
468246
582807
957762
620408
751348
647565
346744
281382
927905
516789
737002
54479
68032
723129
269854
173331
408902
378522
960618
628562
763745
697677
914352
806688
584006
534975
207672
46740
198294
570554
600296
145791
468716
277855
461154
477370
56901
537491
719674
291225
498764
586103
142163
285436
483074
816527
835285
776067
425415
131716
625100
674337
855559
69188
728480
477258
550788
728519
925037
149062
376123
31085
147134
821160
719158
80515
624939
229015
116590
609445
202124
695883
66138
128637
900569
536340
657368
40873
614752
321748
29815
42107
966049
178125
624159
828826
917577
165461
224221
629381
658186
230374
437455
508280
250131
65938
944616
996519
980529
821779
351649
592871
183426
726209
451773
237676
624465
55900
516534
576237
732947
712713
796489
849828
87485
317594
255835
963121
117248
646534
382663
323614
235234
689848
113029
108861
921082
653058
904824
909038
656136
372402
925268
414909
298671
79933
537833
5544
138511
463896
150289
510782
36227
550694
426354
466338
361396
845324
408433
82671
70744
419040
979508
33526
861899
983103
80721
200930
399624
767741
411096
455741
348484
514808
130745
798731
182247
318405
744596
387220
13095
706508
111708
530879
679043
940848
842406
389594
165082
146982
836948
183799
465253
537959
79064
413552
796503
153728
914471
96138
427408
203975
357693
286711
806840
539624
562630
689397
498750
407965
281648
625557
819949
723388
62283
194326
681384
516138
785113
272880
289154
610221
673016
879724
916476
685344
502249
794992
781724
300287
733564
865753
880550
299426
542170
994113
22138
75079
518318
242144
542154
918856
849009
71118
688373
509803
602706
495782
395269
267288
682174
3590
536002
758693
387537
875764
326961
514701
472985
179931
484332
21888
294082
90931
51231
579540
180068
324606
313948
11481
797094
670894
145052
688905
275277
883748
2003
86750
933093
917203
262382
338366
469066
33795
87020
180434
890835
815922
974486
683892
229148
438740
691677
413703
976943
67003
222158
41952
724943
965395
187956
418017
795040
110148
639818
439079
23926
161466
592411
669913
215288
188737
866296
366305
553136
704393
478549
737719
446771
406217
39617
129049
281383
2048
581569
295767
185398
719959
922888
633738
284622
325603
673044
866661
899282
337094
31719
559459
120288
983797
524192
812000
280959
214484
635575
949572
892005
722941
928338
22234
626275
458463
314246
223230
636462
76419
232557
769717
508299
297066
995360
950743
891862
760467
749009
650279
759854
637912
903816
945219
561153
947832
213368
776630
394607
577904
965373
79019
633757
733186
205301
124413
172953
112663
734840
979881
21349
903552
142197
328933
841890
253336
857642
97034
371226
307206
417407
407852
246442
305375
468416
199242
530570
4264
817141
885601
525883
663032
702496
730587
420492
521916
398867
680805
260936
45269
260203
690078
817087
674012
985709
362026
957232
42949
27835
733735
93072
380065
248562
578488
446265
25917
768548
524988
98290
851560
375213
64995
193175
100626
48948
969239
770021
768464
649856
686549
246564
888765
24884
669983
280817
320954
62504
693386
829927
524757
362534
771634
258346
977031
153470
909710
699663
185432
575046
763998
789803
81053
771506
364673
169335
52129
665420
116643
957405
496930
911760
69523
910433
22642
771686
343986
510319
484735
721468
517063
866429
207340
588159
383984
103196
845725
631863
761843
258593
678994
466365
25523
89962
429227
931097
709310
307727
883978
454908
946435
654503
522005
59094
95009
513396
673818
657941
